40
113
175
248
54
127
189
6
68
141
214
20
93
155
228
34
107
169
242
48
121
194
0
73
135
208
14
87
149
222
28
101
174
236
53
115
188
250
67
129
202
19
81
154
216
33
95
168
230
47
109
182
255
61
134
196
13
75
148
210
27
100
162
235
41
114
176
249
55
128
190
7
80
142
215
21
94
156
229
35
108
170
243
60
122
195
1
74
136
209
15
88
161
223
40
102
175
237
54
116
189
251
68
141
203
20
82
155
217
34
96
169
242
48
121
183
0
62
135
197
14
76
149
222
28
101
163
236
42
115
177
250
56
129
202
8
81
143
216
22
95
157
230
47
109
182
244
61
123
